Task,Name,Result,Engine,Bound,Time,Note
"mytask","ariane.NON_EXCEPTION_FRONTEND","temporary","?","","0.000 s",""
"mytask","ariane.IF_ID_CONTRACT","temporary","?","","0.000 s",""
"mytask","ariane.IN_OP_MODE","temporary","?","","0.000 s",""
"mytask","ariane.NOHALT","temporary","?","","0.000 s",""
"mytask","ariane.i0_const","temporary","?","","0.000 s",""
"mytask","ariane.pc0_const","temporary","?","","0.000 s",""
"mytask","ariane.pc0_nozero","temporary","?","","0.000 s",""
"mytask","ariane.pc0_i0_assoc_1","temporary","?","","0.000 s",""
"mytask","ariane.pc0_i0_assoc_2","temporary","?","","0.000 s",""
"mytask","ariane.ISSUE_ONCE","temporary","?","","0.000 s",""
"mytask","ariane.EVENTUAL_ISSUE","temporary","?","","0.000 s",""
"mytask","ariane.EXE_IUV","temporary","?","","0.000 s",""
"mytask","ariane.i_LW_0","temporary","?","","0.000 s",""
"mytask","ariane.i_LW_1","temporary","?","","0.000 s",""
"mytask","ariane.i_LW_2","temporary","?","","0.000 s",""
"mytask","ariane.issue_stage_i.i_scoreboard._assume_2","temporary","?","","0.000 s",""
"mytask","ariane.issue_stage_i.i_scoreboard._assume_3","temporary","?","","0.000 s",""
"mytask","ariane.issue_stage_i.i_scoreboard._assume_4","temporary","?","","0.000 s",""
"mytask","ariane.issue_stage_i.i_scoreboard._assume_5","temporary","?","","0.000 s",""
"mytask","ariane.issue_stage_i.i_scoreboard.genblk5[0].genblk1[0]._assume_6","temporary","?","","0.000 s",""
"mytask","ariane.issue_stage_i.i_scoreboard.genblk5[0].genblk1[1]._assume_6","temporary","?","","0.000 s",""
"mytask","ariane.issue_stage_i.i_scoreboard.genblk5[0].genblk1[2]._assume_6","temporary","?","","0.000 s",""
"mytask","ariane.issue_stage_i.i_scoreboard.genblk5[0].genblk1[3]._assume_6","temporary","?","","0.000 s",""
"mytask","ariane.issue_stage_i.i_scoreboard.genblk5[1].genblk1[0]._assume_6","temporary","?","","0.000 s",""
"mytask","ariane.issue_stage_i.i_scoreboard.genblk5[1].genblk1[1]._assume_6","temporary","?","","0.000 s",""
"mytask","ariane.issue_stage_i.i_scoreboard.genblk5[1].genblk1[2]._assume_6","temporary","?","","0.000 s",""
"mytask","ariane.issue_stage_i.i_scoreboard.genblk5[1].genblk1[3]._assume_6","temporary","?","","0.000 s",""
"mytask","ariane.issue_stage_i.i_scoreboard.genblk5[2].genblk1[0]._assume_6","temporary","?","","0.000 s",""
"mytask","ariane.issue_stage_i.i_scoreboard.genblk5[2].genblk1[1]._assume_6","temporary","?","","0.000 s",""
"mytask","ariane.issue_stage_i.i_scoreboard.genblk5[2].genblk1[2]._assume_6","temporary","?","","0.000 s",""
"mytask","ariane.issue_stage_i.i_scoreboard.genblk5[2].genblk1[3]._assume_6","temporary","?","","0.000 s",""
"mytask","ariane.issue_stage_i.i_scoreboard.genblk5[3].genblk1[0]._assume_6","temporary","?","","0.000 s",""
"mytask","ariane.issue_stage_i.i_scoreboard.genblk5[3].genblk1[1]._assume_6","temporary","?","","0.000 s",""
"mytask","ariane.issue_stage_i.i_scoreboard.genblk5[3].genblk1[2]._assume_6","temporary","?","","0.000 s",""
"mytask","ariane.issue_stage_i.i_scoreboard.genblk5[3].genblk1[3]._assume_6","temporary","?","","0.000 s",""
"mytask","ariane.ex_stage_i.lsu_i.i_ord_sram.LIM_ADDR","temporary","?","","0.000 s",""
"mytask","ariane.ex_stage_i.lsu_i.i_store_unit.store_buffer_i.commit_and_flush","temporary","?","","0.000 s",""
"mytask","ariane.ex_stage_i.lsu_i.i_store_unit.store_buffer_i.speculative_buffer_overflow","temporary","?","","0.000 s",""
"mytask","ariane.ex_stage_i.lsu_i.i_store_unit.store_buffer_i.speculative_buffer_underflow","temporary","?","","0.000 s",""
"mytask","ariane.ex_stage_i.lsu_i.i_store_unit.store_buffer_i.commit_buffer_overflow","temporary","?","","0.000 s",""
"mytask","ariane.DEP_53_b","covered","AD","6","0.641 s",""
