                       DIV     ADD     LW      SW      BEQ     
                       N   D   N   D   N   D   N   D   N   D  
         operand rs1/2 1 2 1 2 1 2 1 2 1 2 1 2 1 2 1 2 1 2 1 2
decode_s1              0 0 1 1 0 0 0 0 1 0 1 0 0 0 1 0 0 0 1 1 
issue_s16              0 0 1 1 0 0 0 0 1 0 1 0 0 0 1 0 0 0 1 1 
lsq_enq_0_s1           0 0 0 0 0 0 0 0 1 0 0 0 0 0 0 0 0 0 0 0 
lsq_enq_1_s1           0 0 0 0 0 0 0 0 1 0 0 0 0 0 0 0 0 0 0 0 
scb_0_s8               0 0 1 1 0 0 0 0 1 0 1 0 0 0 1 0 0 0 0 0 
scb_0_s12              0 0 1 1 0 0 0 0 1 0 0 0 0 0 0 0 0 0 0 0 
scb_1_s8               0 0 1 1 0 0 0 0 1 0 1 0 0 0 1 0 0 0 0 0 
scb_1_s12              0 0 1 1 0 0 0 0 1 0 0 0 0 0 0 0 0 0 0 0 
scb_2_s8               0 0 1 1 0 0 0 0 1 0 1 0 0 0 1 0 0 0 0 0 
scb_2_s12              0 0 1 1 0 0 0 0 1 0 0 0 0 0 0 0 0 0 0 0 
scb_3_s8               0 0 1 1 0 0 0 0 1 0 1 0 0 0 1 0 0 0 0 0 
scb_3_s12              0 0 1 1 0 0 0 0 1 0 0 0 0 0 0 0 0 0 0 0 
load_unit_s1           0 0 0 0 0 0 0 0 0 0 0 0 0 0 0 0 0 0 0 0 
load_unit_op_s1        0 0 0 0 0 0 0 0 1 0 0 0 0 0 0 0 0 0 0 0 
load_unit_op_s2        0 0 0 0 0 0 0 0 1 0 0 0 0 0 0 0 0 0 0 0 
load_unit_op_s3        0 0 0 0 0 0 0 0 1 0 0 0 0 0 0 0 0 0 0 0 
instn_begin            0 0 0 0 0 0 0 0 0 0 0 0 0 0 0 0 0 0 0 0 
