Task,Name,Result,Engine,Bound,Time,Note
"mytask","ariane.NON_EXCEPTION_FRONTEND","temporary","?","","0.000 s",""
"mytask","ariane.IF_ID_CONTRACT","temporary","?","","0.000 s",""
"mytask","ariane.IN_OP_MODE","temporary","?","","0.000 s",""
"mytask","ariane.NOHALT","temporary","?","","0.000 s",""
"mytask","ariane.i0_const","temporary","?","","0.000 s",""
"mytask","ariane.pc0_const","temporary","?","","0.000 s",""
"mytask","ariane.pc0_nozero","temporary","?","","0.000 s",""
"mytask","ariane.pc0_i0_assoc_1","temporary","?","","0.000 s",""
"mytask","ariane.pc0_i0_assoc_2","temporary","?","","0.000 s",""
"mytask","ariane.VALID_INSTN","temporary","?","","0.000 s",""
"mytask","ariane.ISSUE_ONCE","temporary","?","","0.000 s",""
"mytask","ariane.EVENTUAL_ISSUE","temporary","?","","0.000 s",""
"mytask","ariane.EXE_IUV","temporary","?","","0.000 s",""
"mytask","ariane.NOT1","temporary","?","","0.000 s",""
"mytask","ariane.NOT2","temporary","?","","0.000 s",""
"mytask","ariane.DIFF_PC","temporary","?","","0.000 s",""
"mytask","ariane.pc1_const","temporary","?","","0.000 s",""
"mytask","ariane.pc1_nozero","temporary","?","","0.000 s",""
"mytask","ariane.ISSUE_ONCE_I1","temporary","?","","0.000 s",""
"mytask","ariane.pc1_i0_assoc_1","temporary","?","","0.000 s",""
"mytask","ariane.pc1_i0_assoc_2","temporary","?","","0.000 s",""
"mytask","ariane.i1_const","temporary","?","","0.000 s",""
"mytask","ariane.I1_ISSUE_HB_I0","temporary","?","","0.000 s",""
"mytask","ariane.I0_T0","temporary","?","","0.000 s",""
"mytask","ariane.I0_T1","temporary","?","","0.000 s",""
"mytask","ariane.I0_T2","temporary","?","","0.000 s",""
"mytask","ariane.IFR","temporary","?","","0.000 s",""
"mytask","ariane.i_DIVW_0","temporary","?","","0.000 s",""
"mytask","ariane.i_DIVW_1","temporary","?","","0.000 s",""
"mytask","ariane.i_DIVW_2","temporary","?","","0.000 s",""
"mytask","ariane.i_DIVW_3","temporary","?","","0.000 s",""
"mytask","ariane.group_1_i1","temporary","?","","0.000 s",""
"mytask","ariane.ex_stage_i.lsu_i.i_ord_sram.LIM_ADDR","temporary","?","","0.000 s",""
"mytask","taint_rs2_src_decode_s1_dest_1","covered","Tri","6","7.254 s",""
"mytask","taint_rs2_src_decode_s1_dest_2","covered","Tri","7","13.076 s",""
"mytask","taint_rs2_src_decode_s1_dest_3","covered","Tri","6","6.766 s",""
"mytask","taint_rs2_src_decode_s1_dest_4","covered","Tri","6","6.796 s",""
"mytask","taint_rs2_src_decode_s1_dest_5","covered","Tri","8","23.800 s",""
"mytask","taint_rs2_src_issue_s8_dest_1","covered","AD","9","56.943 s",""
"mytask","taint_rs2_src_issue_s8_dest_3","covered","Hp","11","1499.331 s",""
"mytask","taint_rs2_src_issue_s8_dest_4","covered","AD","10","106.499 s",""
"mytask","taint_rs2_src_scb_1_s8_dest_3","covered","Tri","12","126.785 s",""
"mytask","taint_rs2_src_instn_begin_dest_0","covered","Tri","5","6.240 s",""
